763,87.82
drone\DronMovement\xVar,drone\DronMovement\yVar,drone\DronMovement\zVar
0.68,0.02,0.00
0.60,0.02,0.00
0.53,0.02,0.00
0.46,0.02,0.00
0.39,0.02,0.00
0.33,0.02,0.00
0.26,0.02,0.00
0.20,0.02,0.00
0.16,0.02,0.00
0.10,0.02,0.00
0.05,0.02,0.00
0.00,0.02,0.00
-0.05,0.02,0.00
-0.09,0.02,0.00
-0.13,0.02,0.00
-0.18,0.02,0.00
-0.22,0.02,0.00
-0.26,0.02,0.00
-0.30,0.02,0.00
-0.34,0.02,0.00
-0.37,0.02,0.00
-0.41,0.02,0.00
-0.44,0.02,0.00
-0.47,0.02,0.00
-0.49,0.02,0.00
-0.52,0.02,0.00
-0.55,0.02,0.00
-0.58,0.02,0.00
-0.61,0.02,0.00
-0.63,0.02,0.00
-0.66,0.02,0.00
-0.68,0.02,0.00
-0.70,0.02,0.00
-0.72,0.02,0.00
-0.74,0.02,0.00
-0.76,0.02,0.00
-0.78,0.02,0.00
-0.80,0.02,0.00
-0.82,0.02,0.00
-0.84,0.02,0.00
-0.86,0.02,0.00
-0.87,0.02,0.00
-0.89,0.02,0.00
-0.90,0.02,0.00
-0.91,0.02,0.00
-0.93,0.02,0.00
-0.94,0.02,0.00
-0.96,0.02,0.00
-0.97,0.02,0.00
-0.98,0.02,0.00
-1.00,0.02,0.00
-1.00,0.02,0.00
-1.02,0.02,0.00
-1.03,0.02,0.00
-1.04,0.02,0.00
-1.05,0.02,0.00
-1.06,0.02,0.00
-1.07,0.02,0.00
-1.08,0.02,0.00
-1.08,0.02,0.00
-1.09,0.02,0.00
-1.10,0.02,0.00
-1.11,0.02,0.00
-1.12,0.02,0.00
-1.12,0.02,0.00
-1.13,0.02,0.00
-1.14,0.02,0.00
-1.14,0.02,0.00
-1.15,0.02,0.00
-1.15,0.02,0.00
-1.16,0.02,0.00
-1.16,0.02,0.00
-1.17,0.02,0.00
-1.18,0.02,0.00
-1.18,0.02,0.00
-1.18,0.02,0.00
-1.19,0.02,0.00
-1.19,0.02,0.00
-1.20,0.02,0.00
-1.20,0.02,0.00
-1.21,0.02,0.00
-1.21,0.02,0.00
-1.21,0.02,0.00
-1.22,0.02,0.00
-1.22,0.02,0.00
-1.22,0.02,0.00
-1.23,0.02,0.00
-1.23,0.02,0.00
-1.23,0.02,0.00
-1.24,0.02,0.00
-1.24,0.02,0.00
-1.24,0.02,0.00
-1.25,0.02,0.00
-1.25,0.02,0.00
-1.25,0.02,0.00
-1.25,0.02,0.00
-1.26,0.02,0.00
-1.26,0.02,0.00
-1.26,0.02,0.00
-1.26,0.02,0.00
-1.27,0.02,0.00
-1.27,0.02,0.00
-1.27,0.02,-0.01
-1.28,0.02,-0.01
-1.28,0.02,-0.01
-1.29,0.02,-0.02
-1.29,0.02,-0.02
-1.30,0.02,-0.03
-1.31,0.02,-0.03
-1.32,0.02,-0.04
-1.32,0.02,-0.04
-1.33,0.02,-0.04
-1.34,0.02,-0.04
-1.35,0.02,-0.05
-1.36,0.02,-0.05
-1.36,0.02,-0.05
-1.37,0.02,-0.05
-1.38,0.02,-0.05
-1.39,0.02,-0.05
-1.40,0.02,-0.05
-1.40,0.02,-0.05
-1.41,0.02,-0.05
-1.42,0.02,-0.05
-1.42,0.02,-0.05
-1.43,0.02,-0.05
-1.43,0.02,-0.05
-1.44,0.02,-0.05
-1.44,0.02,-0.05
-1.45,0.02,-0.05
-1.45,0.02,-0.06
-1.46,0.02,-0.06
-1.46,0.02,-0.06
-1.46,0.02,-0.06
-1.47,0.02,-0.06
-1.47,0.02,-0.06
-1.47,0.02,-0.06
-1.48,0.02,-0.06
-1.48,0.02,-0.06
-1.48,0.02,-0.06
-1.49,0.02,-0.06
-1.49,0.02,-0.06
-1.49,0.02,-0.05
-1.49,0.02,-0.05
-1.49,0.02,-0.05
-1.49,0.02,-0.05
-1.49,0.02,-0.05
-1.48,0.02,-0.05
-1.48,0.02,-0.05
-1.47,0.02,-0.05
-1.47,0.02,-0.05
-1.46,0.02,-0.05
-1.45,0.02,-0.05
-1.45,0.02,-0.05
-1.44,0.02,-0.05
-1.43,0.02,-0.04
-1.43,0.02,-0.04
-1.42,0.02,-0.04
-1.42,0.02,-0.04
-1.41,0.02,-0.04
-1.40,0.02,-0.04
-1.40,0.02,-0.04
-1.39,0.02,-0.04
-1.39,0.02,-0.04
-1.38,0.02,-0.04
-1.38,0.02,-0.04
-1.38,0.02,-0.04
-1.37,0.02,-0.04
-1.37,0.02,-0.04
-1.37,0.02,-0.04
-1.36,0.02,-0.04
-1.36,0.02,-0.04
-1.36,0.02,-0.04
-1.36,0.02,-0.04
-1.35,0.02,-0.04
-1.35,0.02,-0.04
-1.35,0.02,-0.04
-1.35,0.02,-0.04
-1.35,0.02,-0.04
-1.34,0.02,-0.04
-1.34,0.02,-0.04
-1.34,0.02,-0.04
-1.34,0.02,-0.04
-1.34,0.02,-0.04
-1.34,0.02,-0.04
-1.34,0.02,-0.04
-1.34,0.02,-0.04
-1.33,0.02,-0.04
-1.33,0.02,-0.04
-1.33,0.02,-0.04
-1.34,0.02,-0.04
-1.36,0.02,-0.04
-1.39,0.02,-0.04
-1.44,0.02,-0.04
-1.51,0.02,-0.04
-1.61,0.02,-0.04
-1.72,0.02,-0.04
-1.86,0.02,-0.04
-2.03,0.02,-0.04
-2.18,0.02,-0.04
-2.33,0.02,-0.04
-2.53,0.02,-0.04
-2.73,0.02,-0.04
-2.89,0.02,-0.04
-3.09,0.02,-0.04
-3.29,0.02,-0.04
-3.45,0.02,-0.04
-3.64,0.02,-0.04
-3.80,0.02,-0.04
-3.95,0.02,-0.04
-4.13,0.02,-0.04
-4.29,0.02,-0.04
-4.46,0.02,-0.04
-4.61,0.02,-0.04
-4.74,0.02,-0.04
-4.88,0.02,-0.04
-5.01,0.02,-0.04
-5.10,0.02,-0.04
-5.19,0.02,-0.04
-5.25,0.02,-0.04
-5.28,0.02,-0.04
-5.29,0.02,-0.04
-5.27,0.02,-0.04
-5.22,0.02,-0.04
-5.14,0.02,-0.04
-5.03,0.02,-0.04
-4.91,0.02,-0.04
-4.80,0.02,-0.04
-4.68,0.02,-0.04
-4.53,0.02,-0.04
-4.38,0.02,-0.04
-4.22,0.02,-0.05
-4.07,0.02,-0.05
-3.91,0.02,-0.05
-3.79,0.02,-0.05
-3.64,0.02,-0.05
-3.49,0.02,-0.05
-3.36,0.02,-0.05
-3.22,0.02,-0.05
-3.09,0.02,-0.05
-2.99,0.02,-0.05
-2.89,0.02,-0.05
-2.78,0.02,-0.05
-2.69,0.02,-0.05
-2.59,0.02,-0.05
-2.49,0.02,-0.05
-2.40,0.02,-0.05
-2.31,0.02,-0.05
-2.23,0.02,-0.05
-2.15,0.02,-0.05
-2.07,0.02,-0.05
-2.00,0.02,-0.05
-1.94,0.02,-0.05
-1.88,0.02,-0.05
-1.82,0.02,-0.05
-1.76,0.02,-0.05
-1.71,0.02,-0.05
-1.66,0.02,-0.05
-1.62,0.02,-0.05
-1.58,0.02,-0.05
-1.54,0.02,-0.05
-1.50,0.02,-0.05
-1.46,0.02,-0.05
-1.43,0.02,-0.05
-1.40,0.02,-0.05
-1.37,0.02,-0.05
-1.34,0.02,-0.05
-1.31,0.02,-0.05
-1.29,0.02,-0.05
-1.27,0.02,-0.05
-1.24,0.02,-0.05
-1.22,0.02,-0.05
-1.20,0.02,-0.05
-1.19,0.02,-0.05
-1.17,0.02,-0.05
-1.15,0.02,-0.05
-1.13,0.02,-0.05
-1.12,0.02,-0.05
-1.11,0.02,-0.05
-1.09,0.02,-0.05
-1.08,0.02,-0.05
-1.07,0.02,-0.05
-1.06,0.02,-0.05
-1.05,0.02,-0.05
-1.04,0.02,-0.05
-1.03,0.02,-0.05
-1.02,0.02,-0.05
-1.02,0.02,-0.05
-1.01,0.02,-0.05
-1.00,0.02,-0.05
-0.99,0.02,-0.05
-0.99,0.02,-0.05
-0.98,0.02,-0.05
-0.97,0.02,-0.05
-0.97,0.02,-0.05
-0.97,0.02,-0.05
-0.96,0.02,-0.05
-0.96,0.02,-0.05
-0.95,0.02,-0.05
-0.94,0.02,-0.05
-0.92,0.02,-0.05
-0.88,0.02,-0.05
-0.84,0.02,-0.05
-0.78,0.02,-0.05
-0.72,0.02,-0.05
-0.65,0.02,-0.05
-0.57,0.02,-0.05
-0.48,0.02,-0.05
-0.39,0.02,-0.05
-0.30,0.02,-0.05
-0.21,0.02,-0.05
-0.12,0.02,-0.05
-0.03,0.02,-0.05
0.04,0.02,-0.05
0.13,0.02,-0.05
0.21,0.02,-0.05
0.29,0.02,-0.05
0.37,0.02,-0.05
0.44,0.02,-0.05
0.51,0.02,-0.05
0.58,0.02,-0.05
0.64,0.02,-0.05
0.70,0.02,-0.05
0.76,0.02,-0.05
0.81,0.02,-0.05
0.86,0.02,-0.05
0.91,0.02,-0.05
0.96,0.02,-0.05
1.01,0.02,-0.05
1.04,0.02,-0.05
1.08,0.02,-0.05
1.12,0.02,-0.05
1.16,0.02,-0.05
1.20,0.02,-0.05
1.23,0.02,-0.05
1.26,0.02,-0.05
1.29,0.02,-0.05
1.31,0.02,-0.05
1.34,0.02,-0.05
1.36,0.02,-0.05
1.39,0.02,-0.05
1.42,0.02,-0.05
1.44,0.02,-0.05
1.46,0.02,-0.04
1.49,0.02,-0.04
1.51,0.02,-0.04
1.54,0.02,-0.04
1.57,0.02,-0.04
1.60,0.02,-0.04
1.63,0.02,-0.04
1.65,0.02,-0.03
1.68,0.02,-0.03
1.70,0.02,-0.03
1.73,0.02,-0.03
1.75,0.02,-0.03
1.77,0.02,-0.03
1.79,0.02,-0.03
1.81,0.02,-0.03
1.83,0.02,-0.03
1.84,0.02,-0.03
1.86,0.02,-0.03
1.88,0.02,-0.03
1.89,0.02,-0.03
1.91,0.02,-0.04
1.92,0.02,-0.04
1.93,0.02,-0.04
1.94,0.02,-0.04
1.95,0.02,-0.04
1.96,0.02,-0.04
1.97,0.02,-0.04
1.98,0.02,-0.05
1.99,0.02,-0.05
2.00,0.02,-0.05
2.00,0.02,-0.05
2.01,0.02,-0.05
2.01,0.02,-0.05
2.02,0.02,-0.05
2.02,0.02,-0.05
2.03,0.02,-0.05
2.03,0.02,-0.05
2.04,0.02,-0.05
2.04,0.02,-0.05
2.05,0.02,-0.05
2.06,0.02,-0.05
2.06,0.02,-0.05
2.07,0.02,-0.05
2.08,0.02,-0.05
2.09,0.02,-0.04
2.10,0.02,-0.04
2.11,0.02,-0.04
2.12,0.02,-0.04
2.13,0.02,-0.04
2.14,0.02,-0.04
2.15,0.02,-0.04
2.16,0.02,-0.04
2.17,0.02,-0.04
2.18,0.02,-0.04
2.19,0.02,-0.04
2.20,0.02,-0.04
2.20,0.02,-0.04
2.21,0.02,-0.04
2.22,0.02,-0.04
2.22,0.02,-0.04
2.23,0.02,-0.04
2.23,0.02,-0.04
2.24,0.02,-0.04
2.24,0.02,-0.04
2.25,0.02,-0.04
2.25,0.02,-0.04
2.26,0.02,-0.04
2.26,0.02,-0.04
2.26,0.02,-0.04
2.27,0.02,-0.04
2.27,0.02,-0.04
2.27,0.02,-0.04
2.27,0.02,-0.04
2.27,0.02,-0.04
2.28,0.02,-0.04
2.28,0.02,-0.04
2.28,0.02,-0.04
2.28,0.02,-0.04
2.28,0.02,-0.04
2.28,0.02,-0.04
2.28,0.02,-0.04
2.28,0.02,-0.04
2.28,0.02,-0.04
2.28,0.02,-0.04
2.28,0.02,-0.04
2.28,0.02,-0.04
2.28,0.02,-0.04
2.28,0.02,-0.04
2.28,0.02,-0.04
2.28,0.02,-0.04
2.28,0.02,-0.04
2.28,0.02,-0.04
2.28,0.02,-0.04
2.28,0.02,-0.04
2.28,0.02,-0.04
2.28,0.02,-0.04
2.29,0.02,-0.04
2.30,0.02,-0.04
2.33,0.02,-0.04
2.36,0.02,-0.04
2.40,0.02,-0.04
2.47,0.02,-0.03
2.57,0.02,-0.03
2.68,0.02,-0.03
2.79,0.02,-0.03
2.95,0.02,-0.03
3.12,0.02,-0.04
3.28,0.02,-0.04
3.49,0.02,-0.04
3.70,0.02,-0.05
3.88,0.02,-0.05
4.09,0.02,-0.06
4.29,0.02,-0.07
4.44,0.02,-0.07
4.61,0.02,-0.08
4.75,0.02,-0.08
4.86,0.02,-0.09
4.94,0.02,-0.09
4.98,0.02,-0.09
4.98,0.02,-0.09
4.95,0.02,-0.09
4.90,0.02,-0.09
4.81,0.02,-0.09
4.69,0.02,-0.09
4.56,0.02,-0.08
4.40,0.02,-0.08
4.24,0.02,-0.07
4.07,0.02,-0.07
3.89,0.02,-0.07
3.71,0.02,-0.07
3.53,0.02,-0.06
3.38,0.02,-0.06
3.20,0.02,-0.06
3.03,0.02,-0.06
2.90,0.02,-0.06
2.77,0.02,-0.06
2.64,0.02,-0.06
2.52,0.02,-0.06
2.42,0.02,-0.06
2.35,0.02,-0.06
2.28,0.02,-0.05
2.21,0.02,-0.05
2.16,0.02,-0.05
2.11,0.02,-0.05
2.07,0.02,-0.05
